0
0
0
0
0
0
0
0
0
0
0
0
0
0
0
0
0
0
0
0
0.007958078640513122
-0.012789769243681803
0.8287770469905809
0.48828496801434085
0.012505552149377763
0.8114398042380344
0.4646949491871055
0
0.004547473508864641
0.010516032489249483
0
0.015916157281026244
0.008810729923425242
0
0
0.016484591469634324
0
0
7.02016222930979
-19.569483811210375
-6.895959359098924
130.39141322224168
0.4459366209630389
13.877752280677669
-144.35499906539917
-116.03432881202025
-57.99378755000362
-36.43307877609914
1.3424994449451333
-12.062315590810613
-7.510720934078563
0
0
-5.271942882245639
0
0
6.9607608566002455
-17.06325747363735
-23.561170792163466
-18.170425164498738
-109.2598722607363
-203.58228880468232
68.27605147918803
194.07167428653338
358.9445896068355
-2.6078339487867197
-12.775132063325145
23.114949954106123
-14.801599945712951
0
0
25.213466869900003
0
0
-21.534276584134204
40.57255864609033
14.47929776077217
34.77865107015532
18.59206122389878
-20.036594605699065
-9.91434490060783
-29.27450282186328
-47.18401669379091
25.991653274104465
-5.0229687076353
-39.96845521214709
-35.69752493604028
0
0
-2.0466472960833926
0
0
-1.2849454833485652
0
0
0
0
0
0
0
0
0
0
0
0
0
0
0
0
0
0
0
0
0
0
0
0
0
0
0
0
0
0
0
0
0
0
0
0
0
0
0
0
0
0
0
0
0
0
0
0
0
0
0
0
0
0
0
0
0
0
0
0
0
0
0
0
0
0
0
0
0
0
0
0
0
0
0
0
0
0
0
0
0
0
0
0
0
0
0
0
0
0
0
0
0
0
0
0
0
0
0
0
0
0
0
0
0
0
0
0
0
0
0
0
0
0
0
0
0
0
0
0
0
0
0
0
0
0
0
0
0
0
0
0
0
0
0
0
0
0
0
0
0
0
0
0
0
0
0
0
0
0
0
0
0
0
0
0
0
0
0
0
0
0
0
0
0
0
0
0
0
0
0
0
0
0
0
0
0
0
0
0
0
0
0
0
0
0
0
0
0
0
0
0
0
0
0
0
0
0
0
0
0
0
0
0
0
0
0
