0.0027857554722820403
0.002779506245331008
0.002773307585496786
0.0027671582613589775
0.0027610579348452615
0.0027550057908992858
0.002749001086677386
0.002743043141367538
0.0027371310764105145
0.0027312645706132443
0.0027254424780258635
0.002719664654135005
0.0027139298495437274
0.0027082380964171863
0.002702588049566695
0.002696979994308343
0.00269141221362707
0.002685884926006833
0.0026803974349523295
0.0026749488179307495
0.0026695388347706636
0.002664167200870006
0.002658832527718347
0.00265353525079776
0.002648274008515744
0.002643048812002781
0.002637858755699679
0.0026327039176062537
0.00262758349492012
0.002622496967521496
0.0026174438907349117
0.0026124237469333567
0.002607436313864679
0.0026024809378475478
0.002597557322047302
0.0025926647253320233
0.0025878032556942076
0.0025829718478364485
0.002578171006607031
0.0025733993337695195
0.002568657310208418
0.002563944053379945
0.002559259054110398
0.002554602391125866
0.0025499734483474244
0.0025453718086943453
0.0025407974303564896
0.00253624965585604
0.002531728299274207
0.0025272330398950467
0.0025227634890408403
0.0025183193122761526
0.0025139000714542318
0.0025095057551023855
0.0025051362903095887
0.0025007907519563697
0.002496468682947017
0.0024921711008265676
0.0024878965222067937
0.00248364486362906
0.0024794159698031584
0.0024752098076273976
0.0024710257438200025
0.0024668639027515824
0.0024627235660110583
0.002458604932864379
0.002454507496109902
0.0024504309898752334
0.0024463758041400043
0.0024423406015798856
0.002438326067709863
0.002434331492846628
0.0024303569695636597
0.0024264021008962326
0.0024224665736392566
0.002418550394545078
0.00241465312192713
0.0024107749956750104
0.0024069156061920184
0.0024030745240327103
0.0023992515399626877
0.002395446849225516
0.0023916602128225472
0.0023878910526836782
0.0023841395242089622
0.0023804055158268057
0.0023766886994316815
0.002372988844665576
0.002369305610689257
0.002365639445093422
0.0023619897584044192
0.002358356319704642
0.0023547393483537033
0.002351138175611778
0.0023475531331400134
0.0023439837931765405
0.002340430211058032
0.00233689204298036
0.002333369040781683
0.0023298613977223966
0.0023263686707483016
0.0023228912440171013
0.0023194282558560634
0.0023159803217418663
0.002312546571808476
0.002309127352490316
0.002305722563802713
0.0023023316212317287
0.0022989552167526107
0.0022955923867492125
0.002292243472675042
0.0022889082145045626
0.0022855864785499983
0.002282278233247053
0.0022789834239318567
0.0022757020338276352
0.002272433448150832
0.0022691782289547104
0.0022659356585813207
0.0022627059495972175
0.0022594892316255863
0.002256284874344029
0.0022530929534442653
0.002249913710657983
0.0022467468664915226
0.002243592331836966
0.0022404495828320108
0.002237319072571926
0.0022342006091568434
0.002231093848830436
0.002227998930807097
0.0022249158417180707
0.002221844311361499
0.002218784305684277
0.002215735748703791
0.0022126986347054713
0.002209672657999117
0.002206658069012152
0.0022036544405990917
0.0022006619951237846
0.0021976802717147553
0.0021947098283385982
0.0021917498986853694
0.0021888009515966225
0.0021858623427423915
0.0021829348353254834
0.002180017475806652
0.002177110475935203
0.0021742141054378137
0.002171328052761045
0.002168452195681475
0.002165586583191908
0.002162730938736392
0.002159885524603034
0.0021570502003529102
0.0021542243211516237
0.002151408771052657
0.002148603010320573
0.0021458068352886456
0.002143020316131242
0.0021402434776136956
0.0021374760976895675
0.0021347182215291334
0.0021319697449468052
0.0021292308020167735
0.0021265009417184917
0.0021237806928876106
0.00212106947404739
0.0021183673510777557
0.002115674258860825
0.0021129905784118387
0.00211031567672551
0.002107649455501094
0.0021049922690774318
0.00210234410695123
0.0020997046979469823
0.0020970736524415145
0.002094451836392883
0.002091838222588736
0.0020892332499427707
0.0020866369195111545
0.0020840489740842306
0.0020814695123494652
0.002078898567932005
0.0020763358639791
0.002073781353445627
0.002071235112698867
0.0020686970865036076
0.0020661673308670823
0.002063645323914993
0.0020611316397521327
0.0020586261096778723
0.0020561282636595863
0.002053638352027807
0.002051156647776801
0.002048682700541291
0.0020462164124881695
0.0020437580674429415
0.002041306958908049
0.0020388640517456764
0.0020364285692239617
0.002034000745950453
0.0020315804487902626
0.002029167561324003
0.0020267624003317036
0.0020243645394068224
0.0020219741891771372
0.0020195910895452287
0.0020172150978077143
0.0020148466564018784
0.0020124853133230134
0.002010131225766005
0.0020077843282936695
0.0020054445935315437
0.00200311181809607
0.002000786182415446
0.0019984676769285226
0.001996155972495338
0.001993851539638109
0.0019915536109902533
0.0019892627705179085
0.0019869788151598354
0.0019847014844799242
0.0019824313271869353
0.001980167518913299
0.0019779106737246093
0.001975660361342451
0.001973416560442418
0.0019711796254535275
0.001968949219868669
0.001966725517728438
0.0019645079355174767
0.001962296953486533
0.0019600926925077817
0.0019578945941368577
0.001955703071670777
0.0019535177489500913
0.0019513388499303732
0.0019491658933343827
0.001946999528799926
0.0019448395354786335
0.001942685535493775
0.001940537685486085
0.0019383960843453749
0.0019362606049862432
0.0019341311194463594
0.001932007753307939
0.0019298904922135872
0.0019277789627947283
0.0019256734548458118
0.0019235742166206719
0.0019214806250346108
0.0019193931197074186
0.0019173111276480559
0.0019152351970525019
0.0019131650210799352
0.0019111007630358238
0.0019090420760177872
0.0019069890651860898
0.0019049419676736123
0.001902900330346915
0.0019008644430240737
0.0018988341315719591
0.0018968094571312835
0.0018947902823543536
0.0018927766427402717
0.001890768626948151
0.0018887658501081878
0.001886768680316507
0.0018847769487729824
0.001882790826435703
0.0018808096462801767
0.001878834265309853
0.0018768638558926034
0.001874899038071625
0.0018729394156006504
0.0018709850376916325
0.0018690357963076771
0.0018670920257408317
0.001865153261569191
0.001863219502414063
0.0018612913685894434
0.0018593679397345267
0.0018574497257685541
0.0018555364376430473
0.0018536283765494654
0.0018517253858669996
0.0018498272905185201
0.0018479341346676744
0.0018460460570641107
0.0018441628550568225
0.001842284561919895
0.0018404110479601557
0.0018385426676273398
0.001836678942425197
0.0018348201810488816
0.0018329661300904119
0.0018311168510103547
0.0018292723502020278
0.0018274325611874647
0.0018255974927203146
0.0018237671725460517
0.0018219415468692603
0.001820120637838231
0.0018183042488875156
0.0018164923393920631
0.001814685324657354
0.001812882634187065
0.0018110845667703055
0.0018092910102625553
0.001807502083681414
0.0018057174996418336
0.0018039375671933216
0.0018021619019453817
0.001800390687198569
0.0017986240871685354
0.0017968617758061826
0.0017951036785953472
0.0017933502303356338
0.001791600826143895
0.0017898560428689504
0.001788115161747553
0.0017863789036372205
0.001784646759941025
0.0017829188894448885
0.0017811953686964733
0.0017794757758504952
0.0017777606489643215
0.0017760494636182389
0.0017743425337932428
0.0017726398072012712
0.0017709410745932862
0.001769246615273477
0.001767555959488234
0.0017658694505188774
0.0017641871275156196
0.001762508757171068
0.001760834423583786
0.001759164077994896
0.001757497705399868
0.001755835139179708
0.0017541767019077779
0.0017525220597210274
0.0017508712658695976
0.001749224505453053
0.0017475815862746597
0.0017459425465337294
0.0017443072879012778
0.0017426758245280706
0.0017410482818231464
0.001739424416101844
0.0017378044822021783
0.001736188258516877
0.0017345754634774501
0.0017329667723949961
0.0017313618363434342
0.00172976056671997
0.0017281625633287377
0.0017265685342361837
0.001724978033534855
0.0017233912993507433
0.001721808053299279
0.0017202284478385957
0.0017186524456496268
0.0017170800250040216
0.0017155110777273646
0.0017139459821719502
0.001712384174577516
0.001710825764592147
0.001709271084987681
0.0017077195230765353
0.001706171847726478
0.0017046272984567326
0.001703086474285276
0.0017015489157518149
0.0017000147891500594
0.0016984839816132633
0.0016969567123323772
0.0016954325515392567
0.001693911931036365
0.0016923946504048828
0.0016908807076718942
0.0016893698818750706
0.0016878626363312132
0.0016863585746275088
0.0016848576335757438
0.0016833600141994952
0.0016818656413652995
0.0016803745928502313
0.00167888662900709
0.0016774019259862302
0.001675920445682183
0.001674442145537309
0.0016729668839024527
0.0016714948519152728
0.0016700259430669525
0.0016685601514676797
0.0016670974857869183
0.0016656379918314698
0.001664181424759874
0.001662728018795113
0.0016612776116662026
0.0016598304346927318
0.001658386147455959
0.0016569447442597869
0.0016555065062419964
0.0016540714303590253
0.001652638970781051
0.001651209656150895
0.0016497834620739285
0.001648359843053631
0.0016469393569373471
0.0016455219295119648
0.001644107367862498
0.0016426955842084561
0.0016412866772146477
0.0016398805933285508
0.0016384774900026341
0.001637077268426999
0.0016356799835420262
0.001634285251814321
0.0016328935176083115
0.0016315046753149457
0.0016301184233049172
0.0016287352653086818
0.0016273543832529683
0.0016259766085952511
0.0016246012990785393
0.001623229113028252
0.0016218596001807495
0.00162049250326919
0.0016191282290934912
0.0016177667453038246
0.0016164079323246598
0.0016150518781540598
0.00161369845774071
0.0016123474038801998
0.0016109991979331617
0.0016096537541096935
0.0016083107746796112
0.0016069703500067552
0.0016056326676215618
0.0016042975145110284
0.0016029649366685525
0.0016016350622529486
0.0016003076069161983
0.0015989827400264682
0.00159766020595525
0.0015963404595649793
0.0015950232038968294
0.001593708420856806
0.0015923961369092977
0.0015910862475506692
0.0015897790448952257
0.0015884741657107226
0.0015871716798230918
0.0015858719384192266
0.0015845743936922405
0.0015832793534974192
0.0015819866440935186
0.0015806964499565335
0.0015794085690930102
0.0015781232111037296
0.001576840146057565
0.00157555949709833
0.0015742809608571345
0.0015730050571776733
0.0015717314355527044
0.0015704602139587965
0.0015691915433867075
0.0015679247602127426
0.0015666604892860233
0.0015653985881652255
0.001564138949022767
0.0015628813559493337
0.0015616262673333332
0.0015603733762328033
0.0015591226726391582
0.0015578743091309312
0.0015566283561387363
0.001555384329782874
0.0015541428449071344
0.0015529033078722511
0.001551666203349595
0.0015504310531342948
0.0015491982030224406
0.0015479674164800988
0.0015467390195318617
0.0015455127645426108
0.0015442885184284941
0.001543066605438496
0.0015418467295790347
0.0015406289588360525
0.0015394134721141695
0.0015381998595465022
0.001536988457440519
0.001535779160857751
0.0015345719222259841
0.001533366934072523
0.001532163954171797
